##### Zadanie 1.1 ######

n <- c(25, 50)
y <- c(10, 20)